Action: Forward and Right
Reward: -25.63876651982379
Total Reward:-109.34515865588403
Next Obs: [ 0.          1.          0.8997107   0.02534468  0.30516702  0.54999083
  0.211149   -0.44796506 -0.8940511   0.31406632  0.5604742   0.21694905
  0.9381095  -0.34633878  0.9699161  -0.24343948  0.047       1.537
  0.          0.          0.          0.          0.          0.
  0.          0.          0.          1.          0.          0.
  0.          0.          0.          0.          0.          0.
  0.          0.          0.          0.          0.          0.
  0.          0.          0.          0.          0.          0.
  0.          0.          0.          0.          0.          0.
  0.          0.          0.          0.          0.          0.
  0.          0.          0.          1.          0.          0.
  0.          0.          0.          0.          0.          0.
  0.          0.        ]
Info: {'allowed_actions': [19]}